19999729
19999739
19999789
19999817
19999831
19999843
19999873
19999891
19999897
19999909
19999927
19999963
19999981
19999999
20000003
20000023
20000033
20000047
20000059
20000063
20000069
20000077
20000081
20000093
20000107
20000147
20000153
20000159
20000161
20000171
20000213
20000221
20000243
20000269
20000287
20000297
20000303
20000311
20000327
20000329
20000339
20000353
20000359
20000377
20000389
20000429
20000443
20000471
20000503
20000507
20000531
20000537
20000543
20000567
20000569
20000573
20000599
20000621
20000623
20000641
20000671
20000689
20000693
10001081
10001093
10001107
10001119
10001203
10001207
10001209
10001213
10001221
10001227
10001231
10001237
10001261
10001269
10001281
10001311
10001347
10001357
10001363
10001399
10001401
10001419
10001441
10001443
10001461
10001473
10001483
10001501
10001521
10001531
10001533
10001567
10001569
10001587
10001603
10001617
10001659
10001687
10001701
10001707
10001713
10001759
10001777
10001779
10001791
10001801
10001807
10001813
10001819
10001821
10001833
10001837
10001861
10001881
10001891
10001903
10001921
10001963
10002007
10002017
10002019
10002029
10002053
10002059
10002061
10002067
10002077
10002121
10002127
10002133
10002149
10002191
10002197
10002199
10002203
10002257
10002259
10002277
10002283
10002287
10002323
10002331
10002347
10002397
10002403
10002407
10002431
10002437
10002439
10002449
10002463
10002481
10002521
10002527
10002529
10002547
10002563
10002571
10002589
10002599
10002623
10002649
10002653
10002659
10002661
10002667
10002731
10002761
10002763
10002779
10002791
10002803
10002809
10002823
10002829
10002833
10002847
10002859
10002871
10002887
10002929
10002943
10002959
10002983
10003001
10003003
10003027
10003031
10003043
10003073
10003087
10003121
10003127
10003159
10003181
10003193
10003199
10003223
10003237
10003247
10003277
10003337
10003351
10003363
10003369
10003373
10003417
10003439
10003457
10003471
10003489
10003501
10003517
10003529
10003541
10003559
10003561
10003571
10003583
10003601
10003613
10003639
10003657
10003673
10003681
10003699
10003717
10003723
10003729
10003733
10003739
10003757
10003759
10003783
10003787
10003831
10003859
10003879
10003891
10003897
10003943
10003951
10003957
10003999
10004017
10004039
10004047
10004063
10004119
10004147
10004153
10004191
10004201
10004207
10004231
10004243
10004261
10004263
10004273
10004297
10004299
10004303
10004311
10004329
10004341
